Epoch 0
alpha: 0.8
beta: 0.8600000000000003
ndcg: 30.659999999999997
{'PRECISION': 0.1036, 'RECALL': 0.2919954904171364, 'F1': 0.15293770298198997}
Epoch 1
alpha: 0.8150000000000001
beta: 0.8600000000000003
